     0 27 7.06 0.38
   100  0 60.49 19.16
   200 14 66.28 37.85
   300  9 86.23 50.98
   400 20 91.38 57.19
   500 19 95.25 60.58
   600 29 92.00 65.33
   700  7 87.38 60.08
   800 10 92.39 64.82
   900  0 89.01 60.99
  1000 10 91.25 62.07
  1100 21 88.08 58.20
  1200 20 91.24 62.89
  1300 16 91.26 65.14
  1400 16 89.87 62.57
  1500 15 72.59 52.81
  1600  2 86.38 56.84
  1700  3 87.84 58.61
  1800 25 85.15 51.26
  1900  7 85.17 42.84
  2000 11 88.61 49.75
  2100 18 91.39 48.03
  2200  9 95.39 58.34
  2300 10 86.98 51.44
  2400 23 67.93 48.70
  2500  6 64.51 39.28
  2600 20 65.02 34.27
  2700  3 67.52 42.68
  2800 24 63.66 55.02
  2900  9 65.37 46.70
  3000 18 64.45 44.96
  3100  8 65.17 49.81
  3200 29 64.84 49.54
  3300  3 76.12 50.27
  3400  5 81.53 52.58
  3500  7 68.39 52.24
  3600 27 73.14 55.23
  3700 18 77.66 57.98
  3800 20 85.12 63.48
  3900 11 90.74 64.60
  4000 20 90.34 65.05
  4100 24 94.74 61.07
  4200 28 78.34 50.73
  4300 28 90.62 46.91
  4400  1 92.16 48.05
  4500 27 96.82 53.83
  4600 11 90.38 51.59
  4700  6 88.71 60.45
  4800 25 84.01 54.30
  4900 11 76.33 53.20
  4999 22 93.28 53.04
